


262616
259397
544226
314453
759819
780712
398976
286539
079345
932536
655295
113663
285192
302251
027767
934337
029691
094183
460998
576233
887662
499092
292538
795626
803031
830008
990429
274496
167400
566619
076578
675609
308114
230160
448949
100152
086215
614014
302203
101499
591632
191780
204774
876304
819612
281550
681425
331028
635869
814698
303659
495925
969595
980169
934473
760559
407887
606098
042246
229391
227531
166157
708562
739783
442033
553769
495677
706569
511094
443904
575816
682840
057897
665409
865747
132225
104657
491566
836555
378376
121463
404703
876512
332862
690276
218401
425667
315819
663177
921407
687014
831744
808871
289196
164265
751445
369761
943404
963827
111842
563279
960870
235099
684406
150780
710987
463570
830465
414881
114835
221097
270927
244249
299550
260671
405310
104980
480343
612921
967282
640248
424727
512461
404102
020759
897059
930491
667926
884954
806093
285792
900341
337205
867088
790103
573824
332055
790087
732100
988781
988553
974199
671983
216427
698976
475334
539770
167430
392005
127218
167439
147166
012763
788766
680568
095948
405813
372397
785647
957373
442037
591005
886502
599368
267149
596816
147797
217457
640647
487778
778651
843239
914392
810014
380656
526079
345245
544035
600379
685527
072622
874559
569775
701366
134584
805116
527264
827839
106231
260940
477061
405907
380530
442140
992460
391974
832243
041165
138266
509814
610361
763621
353669
117097
815070
432306
663512
592701
692193
351335
502409
849267
195896
583647
820201
478121
529550
952514
366869
449194
263588
037374
209748
422961
531143
465116
382025
220193
905416
131364
450226
945868
266743
068501
299488
033435
620558
193672
237588
701618
134987
757358
076957
061693
902404
729131
893660
444239
097055
789042
344486
195177
752227
365420
272187
021563
772120
869740
659148
395232
629915
736215
361548
284293
523068
645107
316651
300862
247443
946160
508622
958229
612381
550855
812551
087621
591291
738050
341482
084898
666091
538818
779537
451744
001617
073605
803898
755825
024083
261452
180072
381037
553620
558899
217549
972697
893819
162315
455680
498060
325653
621437
268734
809976
555283
298186
314393
655213
121396
565657
917531
579498
863335
577913
248677
906624
698676
409322
776528
350492
903263
136577
368910
168087
702718
549568
630892
254294
705365
469932
533833
293181
047027
735568
251358
714083
310422
591205
329486
527282
365244
431064
610056
176962
479137
842647
032990
315205
088756
574593
188302
269418
358156
602127
068272
639736
504827
733899
856124
391680
556995
007603
953983
818155
182876
557040
780740
259812
585897
629893
837933
530425
494794
748307
183776
006003
709945
343857
721533
193271
777082
567191
462385
520875
616625
822734
440985
652252
683699
851275
042261
716019
563255
202599
907427
235875
155799
671139
908088
314067
020365
530114
626256
210469
345670
867973
321400
817931
615629
493210
587882
745900
415705
695098
196663
786205
331402
001283
367412
465735
575232
826462
521869
759409
543325
414664
736297
204327
549547
141850
315322
405791
386682
193898
185911
831784
323321
052090
925716
471332
789867
957952
201466
438710
609526
831484
129935
180502
287179
079690
437405
609769
044744
410949
416793
357668
696476
820993
930313
232919
750269
742919
199783
736140
144961
472858
624003
013155
758975
379656
265657
057567
739828
965082
978317
068779
375871
444875
073557
386825
569976
248038
796871
849395
043443
843429
220691
701926
988974
235125
536860
975691
589825
413062
480437
950741
234464
424873
922493
182687
985959
754163
254284
065541
431717
182280
512395
891689
069929
805176
351665
446509
591576
450928
613501
394723
023845
015334
726439
283301
279218
016313
567725
743703
436348
593666
077694
482137
451099
178106
020420
616727
321476
674433
711323
057781
852880
895581
724469
236312
320526
624811
952845
274602
692231
227858
245806
685159
110382
261273
013663
440953
523632
227353
707855
415813
994110
365996
118755
808417
847666
128922
083154
708020
908985
336032
512931
460431
527574
890123
493672
329052
263292
050397
184900
331359
154762
100366
303624
963417
105213
142348
441246
182363
877370
692962
873797
070963
671524
839246
194856
737216
124482
891623
541495
875748
206263
475824
008419
043259
036987
701622
407802
974253
569896
970924
547282
110072
673164
558812
163038
815336
966681
821559
141633
889520
155293
724472
997839
295583
649225
032926
766086
145305
868958
524712
871302
686114
070926
352503
583559
513053
622131
956188
965023
697257
200554
121662
221611
382528
531624
033962
158470
828859
894345
432051
196400
846343
505649
551815
596101
114060
523442
178354
730027
686990
912108
027086
534185
685019
691383
474100
133076
845148
850060
324726
179220
127646
483731
818165
365414
168752
481620
025052
730315
370541
605196
365278
866654
361691
421199
688506
121571
219724
214727
179922
395943
432225
106250
436763
670986
403943
079167
504381
902029
242845
097514
354376
876877
706200
472092
926324
009587
975548
403295
221822
975349
265437
604116
067039
119815
493414
765384
409140
903616
155930
700409
005864
822491
677347
488672
984237
906978
010072
962343
424264
832485
631736
056797
438740
582624
766982
136254
898137
384320
028287
495416
537043
588172
362467
357093
842092
956638
770825
439069
631731
923697
974552
671099
368216
554545
843049
334229
244809
293803
482664
824903
742295
789169
471007
606314
820081
080222
314167
107996
929019
715072
920184
445051
045027
804521
611594
534470
657701
205978
279404
894556
346968
425127
398154
869628
502646
095945
252514
412522
894408
900873
499879
116710
019435
863243
291706
823932
259628
792001
452416
024112
947953
143448
826687
040798
204941
743642
442365
096786
504694
696847
914750
479185
496380
841262
187206
198671
344498
058860
510690
980208
712987
991656
115611
028342
007002
396490
371834
407786
653234
523129
583596
232953
126978
339161
799172
377290
566167
610102
649199
379541
931067
420747
530539
590645
689234
780775
224652
727977
556752
156250
399686
545591
706769
350695
574524
974581
530411
696963
932779
196300
816180
541209
655403
701947
015478
587546
823251
207653
204957
517483
044897
270027
180075
550376
148888
779868
345006
197762
258438
451850
402716
214724
118216
970732
352369
999153
331437
939886
442046
176402
904547
633900
966954
071899
901777
457614
715627
243114
146864
788726
858887
845819
440307
113288
804179
457715
686829
785798
042827
528487
988023
657753
647873
154029
787462
880443
496980
595545
720973
754440
516250
785768
006245
083186
243250
830879
743953
164864
601084
370442
315058
793173
547461
044941
079728
227581
088749
529540
795546
864955
301407
099441
958288
080156
996800
204899
021688
131482
008915
342805
171009
489979
004966
976270
631358
193671
189566
997087
052850
040458
683512
433090
943408
462396
497902
150471
145056
760611
307046
532754
741662
553783
093296
356896
230736
996327
697684
556765
107477
522399
953909
148509
138035
555086
988197
747665
278512
419799
473231
990971
365388
246853
136670
380216
371254
640286
524261
388771
170963
932423
316981
399483
153043
609830
436306
136904
710974
071028
553695
083883
681978
809863
281178
518258
230619
223252
882413
934399
725149
267896
033670
824263
264102
644102
942167
249352
080308
460367
235906
918090
713760
560387
242044
604048
014036
673252
800213
538188
061487
742976
395577
281352
416856
556382
180826
965191
063690
884660
218165
558741
082285
776711
397327
742827
181308
044027
076098
939230
953733
635986
658482
254620
237412
988656
435732
660874
220286
210783
664176
829152
434026
867810
256599
961854
716696
273231
328599
380105
890471
481232
658512
863748
202351
177015
894660
625849
325154
095263
651013
291438
949702
227449
844917
751095
230005
905462
677326
454021
125252
444675
940330
290524
578153
599730
226519
814497
604886
831124
397364
141586
445993
099359
543142
496572
718335
922486
200505
514552
900423
944053
172354
716923
987673
932161
162443
544567
530631
115033
035678
014572
040593
016564
081601
589818
561632
538661
109705
929278
049928
863156
779831
673754
947883
747986
910127
402713
909884
970446
855142
234542
220776
110171
328051
263958
775596
163524
346991
593850
209044
477775
033672
253563
998655
458620
155660
939837
065862
191016
926558
457741
407830
696371
318379
515359
153009
497857
299270
902552
076705
969762
749271
778778
817387
933037
147054
183606
890283
407986
389064
801453
852969
262444
079768
222817
260088
166813
940655
547498
317777
811123
033519
349318
337121
756512
677148
761517
445579
530211
214750
827659
985595
558243
134443
360986
031845
080719
921238
210803
445111
505269
509162
137131
545492
570788
788107
107455
222845
857657
352808
599618
610501
781391
143892
418028
042870
005855
005611
927721
611996
489927
493047
057233
028255
352266
734359
892701
195342
405009
861179
033172
883387
562068
889763
915068
900361
312661
126745
982377
823006
623305
116936
473380
848928
540892
213993
692938
856329
521245
816858
591740
293379
393872
932676
582368
352167
658233
084282
291612
127896
465060
852466
488864
823581
439664
391481
352557
035968
586935
596727
511707
047091
578395
214275
985885
942150
898093
380239
396503
640476
074556
091917
760064
566794
157533
505890
222804
210601
373242
155236
693268
563547
948821
033930
046454
565207
138232
761332
588686
253795
729513
181499
771169
403708
215267
614327
242113
874779
549977
850148
704941
200824
109440
417047
441777
624943
652021
097499
392727
546445
304784
201356
994634
581603
891912
619002
831152
572049
384714
421825
339475
391244
565503
194379
106280
221313
838522
071430
643826
620180
558242
864160
976457
819404
048632
680359
035222
003744
379811
308181
429249
143453
646826
454746
050983
214119
478110
661178
788571
062885
749136
644387
294687
327856
771537
111599
011106
916712
586822
898422
282047
209255
606651
981353
871238
234836
671822
297953
168640
330268
048192
174630
654856
692916
527991
158484
519067
290615
180512
157635
954813
411597
279274
973122
709835
706540
817007
715303
619569
140165
363575
402875
741236
252814
731661
946812
229302
410586
400977
256666
790997
582829
499477
660419
833749
857227
177216
985346
374312
416903
267049
049313
786652
987427
996496
879559
901370
812046
068152
874119
047980
271135
624393
022535
229614
889916
734939
794403
105443
017064
694424
770539
893059
338694
648115
096579
098069
602863
042629
700198
486435
287077
296786
382267
311047
725926
101708
314027
778620
533037
834109
598274
053008
381877
102205
170718
100234
309428
233079
326321
300654
813050
943239
020930
725028
303593
363121
817695
690193
771690
468493
960016
903273
476253
855226
168388
378978
869860
750166
455506
437673
128459
596026
522926
569612
443707
888071
322069
116186
237092
681651
431047
160962
947993
574217
871880
091329
449017
800496
368197
979162
647878
844141
536420
972640
030844
434988
447199
753109
158070
959873
752604
476299
175296
220232
161508
464395
008310
711263
653273
492650
306051
040183
480867
250109
700924
713473
981468
373416
107235
686777
062567
993707
792352
576056
649113
366368
713121
480780
671739
608726
244981
220361
252596
513209
640590
066870
023529
801628
619568
282001
862443
947299
610281
790543
547537
010826
560189
883143
471229
982223
833584
547949
346269
083335
757013
325929
419906
598983
438299
751170
504114
872659
075688
165110
151187
472928
962442
992461
436038
493391
892285
860923
301225
605369
271080
923137
220763
829242
929022
053053
831119
289780
155834
121941
851911
193305
898596
755951
535202
860136
719057
297936
664845
428753
092237
693704
371245
860209
604310
199750
562327
977272
912410
083815
632813
080635
702203
252641
905405
125809
113205
145340
478975
498710
747835
969406
826573
519186
602944
886353
777538
265509
154003
112884
416923
368668
930065
617786
907540
696615
363494
412533
526259
157195
797093
496193
242716
328771
713555
377024
056864
885727
279408
231452
516602
965215
582516
659813
849638
107033
534981
697957
699205
461052
570063
428792
096070
152004
461893
389456
638006
312492
774678
488566
623852
354536
343324
625743
404228
088293
164694
005429
436247
873878
357819
601998
223243
824310
234056
683048
665648
022775
304154
996589
831224
327267
995567
249282
523084
124471
656541
064672
326125
628174
262076
578359
188347
751571
143935
140871
240458
211916
667034
104979
041089
019067
017476
933645
384588
712701
147296
042382
742193
462757
544891
562776
813835
268173
393008
907068
643800
067424
780666
671512
022754
579252
941550
731436
788924
852483
852746
014878
359140
540068
782780
854510
107340
688546
647735
325640
224573
714779
054975
796189
839039
066307
974640
877279
057760
340447
384854
385134
811231
492157
922300
712299
320400
137562
823060
843698
773495
693797
169588
417842
959494
580349
005127
056582
005571
836660
395488
897618
079778
201535
851206
345652
605351
373290
060099
742104
493481
278884
201534
297778
482314
527941
630118
958271
813188
042900
183454
922772
364468
677377
939271
127118
124591
743988
814993
576517
057529
668761
939801
654780
849360
798092
795310
011759
954498
400676
591160
470783
242447
229080
582330
669954
867851
451221
805412
912542
039881
493359
547473
968511
570075
301643
359023
199738
292067
652091
838114
535684
177330
686769
720335
482681
914949
931292
326218
416292
586919
433727
428203
133362
367133
065952
917806
297923
946545
164812
350921
462154
974816
161340
400888
555712
989320
748408
835199
397199
481470
073202
924784
279827
911760
194355
332925
829751
758451
315743
769793
542771
382877
483844
061053
728108
572211
122168
353874
223144
859941
895422
296064
556542
354565
100081
809948
887174
358003
596410
764023
583649
828708
146147
708183
606213
868179
251826
235714
706893
858537
908912
736154
848169
006398
881604
971659
532402
141448
202509
545169
248731
429328
044180
878644
757025
793589
802873
597653
522517
780671
772752
922982
685707
144035
350426
028982
763137
734300
221686
223392
761589
373353
869782
948448
226848
785738
695437
105004
214794
791223
485878
688038
892806
441043
494878
501809
252294
872728
117801
128568
010653
718280
712052
842710
195539
717725
016008
389387
884592
631784
042747
684933
059471
894949
665614
416181
026754
800161
179598
498575
256588
483121
626583
120808
858903
360124
767889
907975
637169
017402
251813
175592
385182
276119
262855
809425
921106
171833
848009
708816
260867
867086
756946
651541
574122
199117
140208
876403
022577
439923
209639
747112
095211
148121
993977
872577
310132
298191
400337
369508
241418
758186
548095
196645
256736
461282
648812
508323
394689
402642
872067
833003
132954
213421
507543
228697
940774
463945
612100
996564
161055
610417
808010
507967
426276
003407
973642
217036
582709
789952
200341
554160
227290
922083
947292
016386
380219
743062
112108
749590
248791
605022
112239
643813
264762
854395
459132
538165
185764
567991
780850
182855
197061
215864
821051
685465
572586
855607
033208
203333
135078
089532
003205
534142
814139
585822
892836
477147
516289
225690
471596
417878
297555
826268
115536
417256
338878
594136
452751
422952
393532
533300
187282
013507
017493
747272
825000
370873
366050
769929
507796
644214
721920
506734
156912
217293
332301
030019
838921
339888
332646
903611
400558
193371
394892
489595
243968
973084
622436
856106
626530
286663
215926
771989
370290
785125
029822
746645
357614
428129
658623
811509
469435
722953
094447
096710
753230
872691
718925
732961
585052
277734
654923
152480
602661
737407
571095
734537
921699
632202
919054
273095
775414
039085
399293
142203
477711
405366
297816
859125
283016
559587
550287
325539
220227
557185
863167
077776
892385
884206
619192
794931
195327
019704
730369
334309
775994
244511
187144
439253
862773
943963
509709
460032
092738
565526
659218
458604
593654
131322
464434
185106
804373
393233
199260
262586
389878
001018
397721
385703
643310
698330
753812
275882
413978
250868
902239
519584
112158
638200
931913
079098
803330
286192
770317
779316
116465
133848
152601
720970
766134
980170
442169
146193
510038
445425
214769
705397
797686
683418
297771
497980
334570
057264
532160
798257
600586
962056
340493
152765
544648
756821
889154
077351
580902
122402
714074
179158
748420
002768
361251
736545
287798
388808
997649
672304
732389
416907
165619
616188
429651
682334
474748
070118
559069
418191
597118
094417
284017
492262
576675
775354
469441
485722
883208
906169
671176
205221
721485
537141
944722
947202
413952
477125
807322
834081
531101
997970
690261
978234
821138
893797
833929
476722
303788
844103
657757
580142
162339
096486
722533
736373
091271
132436
121085
321532
463549
066390
958082
530645
171182
210813
077264
132459
689487
863834
545897
144160
211960
021709
534279
159125
630469
494592
620418
673191
143862
157399
021298
646626
008397
366727
097552
927906
200845
896312
754457
229383
973440
519194
255432
512659
924223
872730
321364
627174
462516
577238
033497
154640
126927
819866
823907
630267
520474
900470
726758
002507
901083
764598
797760
857945
985308
778723
820863
939427
726726
407507
619632
772592
725043
106616
245097
220669
910816
342474
708357
414436
509317
912283
510041
184724
289840
216168
323200
722220
790952
844258
900480
058809
313254
091772
405654
098146
636543
500277
047128
361565
855529
930335
379245
973247
964339
638467
015062
261234
961323
589436
112515
715870
023754
479557
182564
605391
730058
216523
400224
885966
915973
366068
831542
800294
538441
850593
336774
128405
333293
548682
448235
619627
602730
831625
409431
390412
172464
470859
039607
993322
852926
947560
839315
326505
000005
850614
637527
363892
919447
709200
533799
391872
726200
875230
870057
426981
119441
186691
175527
329304
988898
771621
979852
692819
503013
192635
840748
008544
289104
361080
104528
915451
358025
636274
876834
955180
842642
737302
198798
789813
067480
483585
905214
733082
847580
304160
228847
820265
950439
285653
868255
151447
839365
850235
914408
266734
797691
363579
177527
409065
530001
145947
275738
822395
745661
409135
396816
169149
187977
020500
027190
987007
864850
873246
125552
444705
740524
562895
933220
281556
167885
852270
107317
111219
464503
018040
719746
252054
787107
724075
554186
688487
349627
185386
056015
239762
157790
035596
869369
655286
332344
444776
569175
839397
174174
463256
768906
810630
997650
112445
557201
779642
863354
855278
999831
206602
196919
947375
832234
354868
529848
014062
250051
418124
812216
117397
189078
359466
412978
040075
520969
300089
994902
265786
972491
916518
852764
293584
157095
187873
887241
707586
438445
506922
132973
946913
963551
582630
643165
732047
279150
092116
694661
301831
715480
759380
213943
065654
169332
678114
227736
348463
924517
424266
010726
370859
586132
965277
099764
599657
332309
741877
150208
794762
528652
590047
379741
938892
112648
044141
810779
161265
612405
922997
216712
462718
445369
679321
928662
628299
653366
721936
983206
206030
847503
837626
308427
909923
839652
789553
918015
954014
693226
969629
831431
380507
960877
773740
594769
340912
062234
729793
097654
903064
006260
558474
767875
404428
763365
859156
942469
668247
358143
222556
395817
722570
606998
110723
355366
627095
667619
110074
075628
844496
671193
116609
036612
149854
464145
468038
598036
410033
214955
604514
265835
625212
708385
306242
102554
864271
569271
500240
403360
883946
297326
703773
558310
293228
188996
311736
024020
651710
588468
448435
435496
875376
224693
146916
067838
969820
581604
641553
734437
023216
153915
696811
335785
324215
192733
737482
606533
082533
147437
726024
731226
406510
225540
349718
484982
527719
306837
009104
864882
971083
438452
282725
862429
843410
193296
588135
299667
603229
383150
809999
755015
314082
884405
088995
541351
903266
107555
593409
075224
179134
057932
459673
750231
953969
249156
942351
058527
156818
939142
315969
442316
566712
016442
938559
339669
173359
513025
447318
121060
989785
804044
609306
991752
751199
814766
955615
393373
822929
965686
666008
093097
108953
895679
456116
170730
975006
632229
956988
734082
172661
614494
697704
061169
616859
968718
666527
034754
275107
185858
910743
232357
117978
281680
518804
078102
441935
963667
644454
597564
974851
726464
611129
670034
210740
871064
723088
256768
099535
436831
732662
042474
298411
576821
634379
844467
877270
178329
815295
704151
316293
460910
338750
650693
550603
623861
260993
692600
923466
903794
051866
427194
858464
952939
085059
380618
337953
640227
221883
152679
025652
529401
274773
544708
309508
926972
448810
347555
447085
821361
977759
976454
305973
647820
751537
976237
823477
954414
915900
049465
481013
370554
894661
756633
827117
958869
428285
180879
036739
324608
230583
627167
289310
325082
317357
049157
089753
454405
841542
776368
501732
387662
221153
684837
433464
294413
020377
100429
457556
410585
402819
673746
171855
605897
592845
300834
154773
561790
274548
018334
776495
163190
134076
539257
401612
188461
425981
017200
559251
801083
942229
983645
688911
354685
908999
799288
709181
915799
176993
285602
834992
420764
702487
371202
900210
179926
158213
966057
677751
030418
179873
706903
783862
423720
350195
946926
563750
647503
727430
251984
838515
707562
464408
658561
930652
653425
300093
623920
961780
261289
137695
523823
584803
067853
706809
011911
325582
188501
029150
602963
032271
738255
465559
716681
911012
220781
303486
711514
561189
228642
532032
005945
283506
683093
790427
578447
950793
125832
729475
960628
996267
028323
297991
695871
162001
602957
469461
981175
158912
672320
564001
580427
606772
609796
421082
152486
376752
926887
598500
235267
378109
639467
483215
538300
757046
280065
827329
559831
299557
583369
059338
282132
998709
722259
149810
160054
132290
042506
589750
170807
375070
418141
001018
743626
630130
766552
722373
994681
605566
290449
142372
676353
548663
374338
292408
372312
917357
093525
515116
640899
502122
931899
552224
124634
486787
814854
661522
301884
942074
163913
225276
659519
099850
220217
306270
645738
822897
097942
425470
177760
065025
313464
444478
523694
518039
680743
684325
401681
448810
056867
883349
668193
234272
330357
181000
652162
742125
662132
942461
637348
483801
773746
262003
220552
654548
640259
759464
390648
332079
624424
033617
753630
701653
079315
977452
133905
508772
072562
381951
154557
611438
592016
800937
210983
769502
015843
466130
318282
941781
037388
759220
567146
224274
172775
901299
903069
287281
491697
301536
062556
001265
209539
809296
845527
225143
750210
613380
101394
060547
374201
503682
712955
705348
223468
846464
359760
664306
789957
591527
798808
527588
095389
678713
269148
862537
096075
879585
605124
284377
949423
054703
410422
780578
324691
278702
697524
911161
499602
339563
200727
712754
041510
536884
880698
880493
900476
887106
297959
324128
119341
983901
156975
881671
744426
717543
585338
037501
575592
168763
962809
251751
640455
878074
971027
646163
402731
268884
769957
028004
740472
993667
684313
483514
674862
111658
570225
039939
692981
048469
540437
149176
708413
989717
815875
821312
687736
652093
099281
089930
956968
037436
899601
713715
347002
636954
185418
117172
320577
784019
880692
260788
860994
171804
195768
531871
540997
297578
016212
442315
752868
518305
440128
074167
719490
492246
575044
696115
336046
751582
364010
568244
129097
096909
761680
794258
182218
662897
413143
061122
110982
507665
913207
660810
088842
843783
876976
236850
781690
870170
989520
376213
224221
854530
485887
394356
359806
968331
733798
221808
292948
003138
364677
243367
595824
851921
093996
350896
705305
433500
288562
598635
930741
968162
006125
603143
077859
309595
970616
198206
365173
512590
860654
032801
441146
317013
658335
451918
934770
451239
984675
788356
366774
646290
158556
693115
741443
142302
084256
794085
741169
674505
014065
830525
987590
918202
411649
201583
054022
498972
691110
929333
439809
625452
701978
759600
199929
734407
779631
569048
874648
563109
241951
677376
042126
604521
889767
213530
217016
926879
563988
468712
069039
708686
632571
162652
811404
172243
483663
393466
406155
896833
320381
517885
445799
806471
043837
768599
051625
296560
957244
917863
218520
330051
407700
755265
279665
315830
927565
414613
929027
494038
036349
678453
141224
340948
770115
868291
069819
396744
848292
317016
597522
219417
625445
944152
829409
732343
494298
967950
341698
369356
570631
991460
580693
767952
403663
452690
784532
472005
957489
720056
081666
823750
071032
293071
226818
701650
519665
553856
069988
165586
638567
247107
534217
614959
018595
975502
104576
609946
316440
509477
334677
250394
508330
554100
901606
679673
067631
431855
319252
463542
014268
579668
209590
087582
105483
445129
555264
128358
354294
307919
473718
111140
524861
107764
171597
015437
969401
281102
261383
378018
417891
761828
785911
046129
202347
434849
078718
735758
066470
087818
309156
896553
839478
730802
301647
098703
326328
425339
743095
188376
324498
223328
977699
796681
366293
697777
106807
536120
527747
030094
330796
076263
200312
311740
587554
309278
088001
549026
529360
265071
711274
241162
688003
959118
227623
131326
819790
607665
266344
899430
635350
736907
930783
771740
939401
231017
914694
156168
321135
885993
224927
449206
815230
301916
697124
281777
091768
655906
678439
426461
499000
082098
721234
562063
798519
260693
364499
460134
472978
032772
701083
473581
919693
017202
242462
457160
315841
746752
553368
932876
788885
597310
680481
214472
323118
054556
839765
956322
347903
833869
653649
472317
334010
149563
497521
181622
110014
136360
140926
880311
986351
604685
325654
586686
828451
857633
442075
922622
566959
442092
402925
419607
266896
642409
811301
964369
144540
000806
867766
413411
483569
810415
633284
113693
947170
809992
530540
463634
112784
408551
677330
151836
913280
793895
915174
100186
316562
693452
242611
927035
687770
177180
260698
641199
937397
819751
906892
554521
785846
936882
240567
836290
490685
470701
432133
704203
571443
255125
547131
045368
965700
605844
906897
079509
818280
816107
790252
994691
263958
657378
121313
649000
295836
900390
958604
372838
803579
889754
371921
291749
474770
887459
474471
822860
004670
879211
984477
445955
033291
715089
474722
585918
117082
192554
408855
394396
460512
976783
503935
949067
592573
527463
181680
344026
839191
702413
484092
610183
108222
959021
766316
965686
618070
136582
546899
101188
307354
945051
815557
664449
292780
892487
706967
538163
329314
360543
815040
231121
452635
454328
168583
898299
890259
167394
357296
434794
449117
380776
034022
263071
442069
102703
173176
552849
678704
202465
796514
231093
935997
350577
551655
739655
126774
607971
895332
425386
439763
140734
981729
079299
087601
867011
274640
835549
118835
574669
582071
626031
464296
172940
697698
527599
592884
489093
989929
638144
056966
111702
916051
749996
300115
560067
374124
957691
903658
458492
228539
374846
945441
710106
358775
246928
652846
142090
376602
799216
189824
603583
890025
501614
793793
126249
568356
849956
287558
852361
816843
536001
320272
795231
977586
386558
971915
752858
090467
881392
897534
738635
611855
913392
928654
134618
715392
106763
140155
530438
409726
468392
915662
031090
710004
853058
341874
836337
289871
466925
970081
687641
126112
377017
765588
884491
444663
595078
517938
820677
149225
050743
624772
622824
053680
640937
925566
425651
145615
495245
335464
347912
701634
065129
423456
802002
291538
597089
101624
420919
704803
248305
657749
884258
339226
190299
088382
714535
375084
326520
429230
825254
393068
842574
957399
171883
053164
703634
634529
855970
530917
074771
958173
324465
303381
672521
245552
744275
195872
597264
395584
006683
401643
724686
982843
867784
454681
340436
085201
294111
632160
162665
987012
445626
580144
732301
149086
394069
026005
644185
017812
425030
866693
090203
106919
856201
534867
010904
684852
062431
087902
185556
568296
717491
119927
392182
374505
427299
351485
475334
467794
920297
846406
516157
630557
579740
334146
976416
923068
925546
863644
782851
927548
950779
764609
840842
161068
039504
395761
504849
637759
089232
260474
213006
959728
249854
072789
884878
339448
135928
554009
871856
168135
011730
066772
932945
951176
893200
365450
715761
538602
725095
221970
281298
286207
169089
142490
987982
424855
863130
215047
678289
691225
829464
866745
668924
429396
156882
747847
046027
115222
383988
525001
201709
247402
573450
514127
878716
717421
691193
444846
189680
581251
147625
780357
904388
766637
713763
552917
752792
456610
978047
861643
143085
561603
714994
846808
584579
928354
505157
275483
724042
854126
815426
803462
421028
648207
528204
140075
698506
974838
446287
227239
994285
071151
453406
601054
967481
348965
641060
699723
186254
036462
040829
099058
203269
303332
309397
058843
395141
912641
739247
157447
121598
155794
550012
888662
618627
009300
720893
886395
742247
093396
769214
775016
116326
186772
967342
398702
248033
434289
998993
514610
039885
581578
652779
943193
543581
016536
288178
055346
446454
919541
671819
964927
725517
708405
329233
380733
188685
528492
918510
268161
064533
743608
016151
206982
107380
329374
278313
677950
226072
346159
707682
549474
159536
450156
628679
395952
853314
500473
877025
904050
295588
486038
216915
949986
754186
351755
804623
054610
794005
237912
013023
701356
393424
914770
891593
634155
215483
969123
749486
584535
955435
935402
393739
723059
021065
313993
068419
063781
141716
507954
743491
880439
777693
976505
821826
541090
077051
603802
632796
658112
580252
320393
099534
322469
324339
063079
804531
389600
491265
164805
022014
248772
401531
047772
681597
808383
894622
295769
595275
420149
092068
916663
352206
743269
720772
461659
834650
476931
601470
795611
208532
711864
934006
573573
974177
534159
596740
287065
815546
846924
356517
104005
466228
271368
679734
436204
250539
711309
376360
551519
608959
215912
947983
668787
799074
348330
270192
882486
825523
872815
716034
379304
148217
594660
985259
046540
401028
899621
627505
999479
385744
559876
179769
309091
074470
575054
654061
852844
563072
208559
168696
517011
383120
709433
691280
900688
723768
399667
939317
469338
344915
456448
768823
227220
951041
167863
744676
311986
480230
207486
882791
491067
071427
146490
972656
817220
895394
947506
455047
203548
276675
599803
853992
005739
982296
595692
208580
163857
046575
075320
463221
810596
120003
242892
002585
860360
650482
664428
249035
640851
719623
908898
263065
553174
587178
387519
748241
822146
770680
118055
210663
871268
475062
512217
628208
810935
167821
350633
816717
617734
986448
551117
616021
054900
577323
825558
593972
097992
277909
725185
035771
057701
066050
752117
223018
314323
959555
450697
608982
421319
740641
198252
411670
252585
770261
385642
960878
062477
908436
348365
247375
836325
713605
642195
818154
859265
107541
133484
376165
088629
276630
197281
149438
162085
102356
739375
552152
133364
250149
633861
374760
389475
842755
523129
510161
382853
310793
346720
305402
023922
475768
309214
570991
814579
903061
476158
278828
522587
997027
650352
894176
115216
742309
203982
281603
494724
207116
633422
655278
489415
703335
546094
994496
143271
692172
139914
394517
026232
170187
734748
277383
049359
521090
171259
213374
228935
514319
290013
344570
497246
653404
866606
168482
826578
749032
030286
818783
294031
445061
562917
410359
432901
925851
433689
934506
308405
983393
852778
196955
664041
350712
958590
585018
091958
639635
860825
377111
061415
169287
329635
497292
136884
312340
045336
258289
412805
877530
911849
494047
836931
084168
832770
829906
305677
904439
496087
164411
495069
990143
698033
637237
486066
199177
457248
805099
478270
773474
643294
234857
256247
339483
345012
457800
305628
772561
015456
155152
277616
047848
298776
936784
828833
387796
247884
874829
524493
940013
154513
880910
128487
676430
013787
922684
473508
361567
983885
782028
879603
437115
984083
176989
886704
331295
135059
620520
915586
449169
524997
094817
259483
422265
576778
941970
829013
029337
686219
305130
020288
605066
428472
986753
173859
319936
910059
540460
781909
754675
975735
365947
723378
812198
598677
969467
972589
447514
043014
963802
010895
766608
637394
433973
000275
279862
216921
714582
203915
453427
098767
286547
017178
988216
141322
738823
743438
015272
473874
895485
009964
123335
596485
532723
191761
898980
789159
356725
359531
903520
138897
149322
271792
379267
634741
047766
238923
495895
090632
963159
291420
605044
922411
557054
943044
578256
477903
242664
691612
596360
133506
755421
827749
637902
880152
875591
465403
889914
540427
302083
516587
850941
721493
147558
687180
074246
965607
951023
249046
278069
761025
325484
528033
398110
128965
649232
961685
685273
362098
002417
941168
838642
561486
768640
186813
473816
870545
127206
982105
094412
557027
539560
840549
892408
092760
400251
811204
092324
586273
366841
195168
271902
111042
417640
019403
347031
133234
266390
982744
523732
963258
566586
142902
946181
688336
625136
092441
404136
282576
248394
258025
888897
306235
003940
523736
095138
300205
800341
201387
788809
776264
083083
579149
824681
563436
843260
494345
515770
994183
574849
962045
788070
828089
172142
472349
094766
449053
607516
268251
346436
182178
184289
631611
210405
274398
379381
680171
210468
819924
558259
419883
544208
846958
726946
036074
249501
790057
563617
516323
384642
937425
422240
810282
579791
807863
346502
885531
067036
867114
220385
621168
074637
691164
510442
126580
015416
904348
516232
849431
680228
025986
371439
431791
828512
693168
818949
650546
661439
323373
455420
208994
880008
753849
911021
906094
278598
272104
386733
445844
178955
160876
169403
935442
814719
618667
535114
495473
572371
363168
393927
546447
277575
906797
246170
178726
091035
666089
901042
862111
563459
824330
381614
346790
042630
724905
971291
566193
721989
772333
945027
381569
711496
512290
759702
164578
395230
708131
812038
929819
438276
101077
173925
289286
907733
388943
625623
483629
103507
289449
239390
355000
930010
698392
091968
265655
489407
461554
124649
382177
751597
962052
066050
844505
412764
677988
566297
785667
760806
819594
833030
563346
060917
770145
178912
674525
548989
333224
862684
855108
451615
505074
880340
038430
355065
076801
298846
711976
626060
793552
148729
318551
287162
301441
820669
727857
795943
694129
572004
259890
440955
059862
595770
539891
666277
495357
738492
798945
901945
261703
449237
760899
724849
142520
798751
307455
781094
412217
246441
985690
597993
140385
197353
780472
019380
177695
992031
815747
752961
895368
562189
449713
510257
988149
613997
205628
994992
285385
438491
823538
496984
884854
875153
648659
857893
411429
537812
370550
057204
586912
232732
815804
065405
408227
499588
926753
942701
102811
494306
353947
501668
284022
130743
000493
400575
995009
072513
580865
345596
293780
206760
576150
275812
786905
320173
558933
952727
567435
347680
160639
395893
023810
012539
613908
906530
122022
259223
454124
285504
492291
481107
610306
218349
302630
539881
433596
984196
106249
143984
304991
176417
408439
365745
237043
681064
162791
998185
193005
027272
509709
659730
522546
640360
793011
208853
647298
309631
616459
548259
426726
166706
810022
062737
648030
952916
917499
387277
176663
765331
452793
969810
278933
888519
091163
642327
691205
487477
532065
607112
052969
335971
410645
186686
001251
178834
825487
299549
304693
706915
748745
600363
414068
751046
157828
369641
029690
856852
889834
181486
867180
978407
159274
873170
025009
582902
258200
672934
414468
028709
570542
137103
149851
172607
390520
352987
805811
646840
808473
890325
214389
646608
065293
772761
528371
043784
596390
691932
129955
275558
492249
669597
582565
003604
562424
662010
905710
634276
538466
885479
092640
703977
589645
665224
639345
884685
120349
257647
674865
165550
755335
866448
215280
155361
059656
164987
534238
410979
439984
865050
623511
393762
727555
082453
906107
873974
324574
322338
496235
556919
855320
750648
738391
832537
743986
182087
348152
329437
145008
681086
638931
188497
693227
755672
255634
802258
458979
507034
232426
123360
661921
678271
585423
366194
539871
199488
714646
932386
380160
775395
758225
235503
959784
788741
303311
866297
199803
858119
438299
752755
768138
025754
560299
928863
643425
639229
223483
701223
284319
775300
547769
490106
926161
825614
195932
130204
959292
813386
742206
135974
159599
676269
346278
709232
803098
585038
159226
376835
684156
462061
315555
014186
168416
479236
494593
704005
739864
972664
566970
280069
533308
729482
669742
228334
840172
137616
161877
770812
417051
723968
337917
260496
407132
352257
575898
468759
286525
739240
568592
115989
183111
485291
580323
299985
299131
217836
600837
754540
163393
355725
127155
837163
172739
403633
867872
736230
124200
643111
416425
404666
057531
627432
565564
870718
778628
680112
383566
400606
452651
928225
862214
693553
557288
675797
507525
132498
505758
715002
147334
270445
836579
302895
274944
217351
800994
088305
289446
596851
933715
374766
603726
410973
717801
763420
163234
118505
901268
310751
867885
576328
353510
971694
122918
139881
986687
778619
059773
761099
118894
514679
617730
976371
961230
283665
534711
970065
949163
169017
302228
466449
322449
880481
391434
371060
805158
740180
771192
536120
487153
358347
439267
249314
735642
181618
647890
640087
469346
877274
399950
319177
283365
466927
941350
691203
227105
294953
821237
013502
248109
227224
411764
770583
761907
250236
434658
404122
085421
947729
397925
515285
897107
827797
541034
740486
996140
987649
410900
662157
732095
373004
275188
682373
522289
782011
979751
070685
191721
500274
769390
194345
051772
656740
685564
805197
803434
576051
237787
848326
528662
575482
963579
073568
653894
101997
897371
074195
488139
932502
836507
000476
240735
500258
506382
756895
241193
900172
140422
784298
264892
840980
421594
897878
187647
032983
074188
887533
308106
098203
862804
232704
999522
875379
051548
035094
559581
790664
551020
299709
202886
338212
091981
287551
633465
328842
813481
612982
373954
074958
042578
420856
344175
403541
786773
106581
952419
052548
178401
860804
719764
481685
852732
194032
401945
935200
290534
090871
568256
926269
412101
511913
201527
774148
448383
191032
522189
687546
228972
232278
986247
836333
002350
501899
564167
725506
612769
263161
626547
610215
800970
380903
757707
859441
897715
613219
671137
381577
304442
861043
679985
554087
249608
733078
323894
290035
450024
051260
469418
019860
110166
577837
366095
012229
140751
705844
896779
230787
052755
748851
822302
493836
617755
960213
368547
205784
233076
615743
011665
104899
073686
858395
941866
781257
537794
869340
056562
789634
562548
310544
134575
050550
911649
309608
873770
833151
411174
121923
039208
948183
520334
574693
386371
477230
679358
165939
370049
124270
433466
934943
560076
629667
703417
491035
817469
090844
209881
950549
775780
651324
153939
933661
887988
399188
522880
271706
600631
877253
150096
784025
350576
793168
602803
824474
293215
294240
947337
575924
288637
212657
543598
349233
511583
782703
627601
147142
870492
469405
928662
055584
018963
020273
101339
734841
821831
945051
992422
018407
417293
522261
627261
525563
392148
142623
398686
376080
073596
359426
629565
699579
130503
504409
365630
836324
919244
757083
877213
717731
029230
521223
114458
833152
049062
252761
936067
718420
983557
074271
362661
030998
237608
031707
237205
229564
107195
049221
536582
366959
013794
283714
220671
356615
061922
132859
766603
351419
279852
375313
996625
598613
139388
029152
221428
332033
406788
355362
570007
684611
863552
944369
384776
881123
163702
560588
935285
195693
520075
514652
486914
289216
173670
542049
213775
268798
432587
999629
027519
128115
429132
227572
264646
842747
590082
359259
219508
554556
879271
754729
296288
124649
162644
314172
450381
592013
189073
624318
640899
714087
787658
505493
407583
376353
185541
361710
688508
751411
158183
086007
800359
951895
334049
452949
106399
538607
522174
856199
442942
166082
973614
130397
871585
488054
518050
602110
959313
433946
884286
435496
474256
281080
320647
820428
274150
140445
953689
538532
802988
909999
631168
074257
165151
318646
732854
954429
842236
250712
655706
369225
374395
121409
330512
163230
845247
269574
611227
206487
185659
934452
829856
229032
835641
194080
172552
461822
280515
599919
350966
683652
814283
464125
233628
116609
434623
752660
565613
138038
984386
102410
895571
323197
556709
851114
635084
044593
408788
920706
080321
463035
300563
333105
143100
088287
778228
836244
315888
667938
115170
350820
768997
270691
216450
689300
887932
938191
431099
943016
706347
249154
409910
011512
664031
836907
027302
289558
615649
246744
162676
809593
261598
078528
457712
083017
033265
591335
087865
065400
310182
182771
934808
653406
272102
286724
959665
580106
056478
315954
329571
286985
411258
101891
342832
550077
903081
794463
846387
122819
452095
980787
345264
506222
089334
921187
201181
419667
989100
632035
533467
269677
801948
202019
691135
380774
342407
954831
076766
462529
483176
180866
747788
940889
334790
719322
624855
504667
248244
910656
570467
397900
066507
114080
986811
670204
699337
685202
520555
206646
155696
068642
262084
010824
084138
190074
102342
696697
738692
793901
130490
844770
002387
208885
539177
119392
330271
080900
919887
875550
022162
461375
832267
369748
500132
979315
978147
282040
642809
898742
022331
493939
005429
679106
007318
745494
539918
655080
517603
878826
684588
296606
975449
726146
500877
441096
095278
980449
087636
630642
856896
220827
769451
013272
627935
357612
657909
868058
310718
359094
908509
700368
818795
854144
486503
333685
153375
637564
672051
135346
293078
004623
164667
054252
559143
702290
862900
136948
057896
498481
685317
209548
722550
005354
580529
107658
027746
837231
674621
322263
989346
939197
464874
189304
454470
924052
938912
060895
950514
772763
840241
970898
467476
748150
378227
740782
085186
541075
175610
787373
834552
272719
287004
760536
457302
295563
564197
703248
401309
721850
227596
774839
285189
649964
779754
137121
488223
065992
457538
542563
543132
978784
780411
285179
278048
351577
672500
476362
993509
541008
305799
957763
035611
687575
265569
070589
858219
151205
180150
561332
805594
050623
470556
053599
673782
356314
752058
133912
100403
795293
111913
960500
317695
851369
266384
902156
587386
161218
769986
397406
797240
212861
859268
085773
943099
239624
852359
896725
852785
918454
384698
796336
972382
491205
415950
283204
403270
993807
484324
019638
401852
612209
349414
838265
360389
911495
106195
711571
234146
193709
960698
972088
638773
388978
825654
325405
362520
881799
529232
307453
498354
424381
251430
208306
290075
042224
718107
211660
454476
412370
068364
117109
958433
499217
003281
912957
165845
102006
375035
202216
837448
495261
689325
183432
679549
265989
599196
527831
813743
319144
669402
648775
122203
114168
085189
606674
252675
023239
525180
722294
768022
374534
045634
556521
464811
801128
572948
842168
254513
078369
616803
390214
589777
412113
509953
492040
302756
211698
514657
051352
158975
695647
469392
590467
276090
897393
073855
403261
013423
372277
414293
489350
205269
827919
686673
033603
766105
484952
725088
284078
754384
166525
442877
640537
598201
734081
435170
050242
764440
982335
339131
343272
109005
408614
547572
771406
498419
671728
905483
521368
550190
433499
182339
293792
848540
114336
509906
991961
721000
244343
071277
795852
391936
549723
474579
634395
361311
944865
740089
623357
227913
513046
892543
185974
240774
858947
235180
948634
821885
471116
535603
490978
760739
646201
923704
220787
046352
903191
159213
912616
102204
896887
993782
162124
354984
920973
722153
134647
453854
204402
718250
672407
500003
527115
679287
438529
157760
476545
831220
444544
047939
554483
077125
815586
450290
742835
883346
695161
338808
133966
773068
065515
188878
725650
144423
525181
753295
171833
008612
866645
507117
095753
845609
870754
344444
559898
889207
246236
600914
349816
548562
740367
633922
400209
426588
911567
888717
939781
437236
547510
838670
121003
260076
215247
856338
033290
702054
057068
902389
469865
637011
730711
117854
839973
674497
602697
083801
907438
099107
897378
453517
261428
102858
515311
306515
390879
530076
761818
503785
998047
701897
445920
067617
150435
687312
276999
001453
572805
618211
666467
434303
580827
980761
180873
534288
998933
039832
905434
207606
056664
387606
813132
658664
130319
653752
936340
274847
509422
647991
438905
208935
991098
644034
505967
969919
693474
605237
678780
293526
415830
619421
097711
486616
574743
416695
261113
009402
590693
830105
936309
325767
003040
017382
320696
809580
142542
637038
733939
589902
709589
623890
119099
773567
272817
231283
225557
602963
553916
546185
020026
109417
416085
637210
770870
370734
714346
649984
599417
316933
614730
644813
893933
589696
246740
549213
964589
755336
350350
861997
038358
227825
906517
193238
964613
824464
933473
426527
143723
867668
549752
357322
141810
886233
833652
112534
877987
275723
235953
551667
050886
560157
258379
216993
711681
046641
518576
632608
916218
998775
445936
845798
570375
665186
404990
548302
064023
919473
523719
861595
830547
602591
373168
290015
715192
453177
794101
419165
223347
770323
537150
435387
620022
050896
080032
208831
461764
384569
229540
563769
041366
215358
438494
333086
461540
146870
246682
339195
810254
795688
395255
638271
528076
389873
828745
827987
738467
384137
610056
460843
637695
533681
359619
811391
670070
611420
011784
777193
979280
708900
533910
137970
402976
109803
446992
795078
066604
365549
526011
550664
955647
869083
307361
445670
961608
510641
044825
940181
202870
471071
644425
576357
973766
182656
424932
399098
513134
389122
402843
205813
064521
423939
153489
846669
983559
662972
923513
479631
381687
480702
178406
599599
134102
341522
853955
655257
771297
585056
312836
327115
272402
648502
415206
031414
173484
669806
473639
892245
245786
900065
782181
538635
373318
879837
231509
116212
925628
431359
103126
866536
357618
334383
225640
140570
098907
739750
976592
632834
776608
194216
209006
152684
779756
910596
949520
720555
419211
699521
010140
357214
029614
990067
300701
815324
099477
605943
632320
114315
790402
388414
675824
285310
435802
364889
761478
492667
608034
905852
577398
757056
361941
576612
024222
775152
593767
512672
318594
602256
645632
688886
950969
402265
408515
470170
725009
458107
992929
557648
195434
907384
912650
632136
055500
600340
889796
272101
778233
473145
110225
306234
829244
284971
534607
377417
136475
529158
550353
388454
328641
794368
978363
295664
825662
014064
631016
646073
701035
904064
229960
651502
953312
789282
614209
216017
496757
582051
980225
355675
063591
656781
712501
984923
317633
018394
201941
005017
272517
023335
617253
319503
382955
269573
043793
787228
089660
448743
297208
765245
385250
983960
081809
828739
108205
370236
939315
499110
116348
873572
468760
183197
004573
981652
628529
142695
473569
761576
215938
052925
621057
344012
437225
969301
168480
113942
247063
971437
371136
322665
879190
084145
452233
306720
082084
905187
598913
922261
820303
449390
102827
174508
266348
912830
779934
618928
555658
703745
246663
652943
834196
901235
693089
443551
170801
206467
459460
197187
092652
160010
817585
231082
390388
559715
633174
498417
771092
439991
789514
658694
494693
506529
635049
867774
395447
685400
398089
191866
221607
569018
460154
549470
951226
567026
097188
202517
997191
102827
694015
356290
047238
047124
411306
321724
405108
565640
724166
492478
078300
351410
774463
340192
422708
500973
374178
594404
434350
092968
392601
388920
280395
681853
857359
202459
781883
345537
096905
994872
483539
782600
573887
401882
494290
612953
279241
797845
488070
342154
802860
045340
389711
519729
680133
403971
045534
354567
155799
487043
096070
531824
526385
573795
352848
854031
862779
258731
164031
488987
555387
988086
689339
623176
164015
177553
098160
034918
930243
444925
189457
771522
930988
977952
703858
766024
033037
582039
627106
406290
931409
514775
984071
608730
095329
271987
460057
485860
047282
677498
159667
240070
893891
576739
000919
371778
420625
339773
114771
066131
637120
650135
484677
594324
804056
374606
392483
257861
053289
151081
686819
630747
153401
717053
064178
883203
152111
229398
476223
540614
895031
237925
587005
463614
100926
103666
260352
430346
626445
310158
647625
069463
288273
112655
437908
683669
145922
961308
837519
638360
945958
605102
874452
697997
820707
986313
514350
779636
391183
744955
950322
807728
309025
175630
016565
442366
003322
035138
968511
292951
237267
736136
255986
297388
509789
135054
816864
240289
119699
509555
229808
112760
328186
077902
870789
706482
235266
706224
288195
576751
406827
587178
678113
506866
250780
971045
580549
430881
007339
962713
218771
177377
623518
333962
513122
764205
321127
621594
005722
556167
799820
775440
308608
097968
347644
246504
266518
651219
707864
440448
334102
682047
254724
978922
095523
717635
015690
683122
935432
933727
642739
055775
579639
166366
691269
399638
393821
566020
468573
533169
242497
694026
524159
536514
362154
850785
622411
592553
888674
272903
376750
393311
307280
581634
083661
286451
569610
735405
542331
075481
155710
238365
565366
537497
292413
426071
070992
994036
405513
003439
235762
123543
477827
370070
073974
959850
376235
541005
205887
672790
298568
968762
174311
931133
943262
804788
422613
393212
364827
407273
445398
826009
586893
804740
102803
732190
248388
359887
961674
225207
062635
890569
976251
443171
630266
161589
558870
971016
715581
328888
077487
619599
986239
389171
869889
389045
970434
056158
362004
995505
576230
819908
268670
999927
868932
745671
305203
700424
409220
112416
128774
514116
938974
259890
752964
527115
979654
386316
893236
300475
599841
999481
832387
459882
162959
789420
450833
725296
035831
064561
463995
102444
718599
434693
307797
823111
551779
425374
232184
856206
361439
971478
925471
065977
339651
983258
859281
444480
872238
030238
921936
912347
552007
777493
957695
638206
346803
886880
397104
153254
553090
553174
323992
413345
531638
876473
732079
595065
703209
392573
649713
332648
538852
276077
363225
109679
927126
166489
040101
701924
354967
058570
782459
632569
573433
725711
983980
416119
733826
857076
829119
768319
763047
841146
344765
775906
037400
666734
906209
055266
587045
594424
579608
054463
020003
089508
403014
730185
626320
531918
324480
479146
438987
605614
112395
536087
432647
337676
974724
066457
654150
768785
009839
648653
410770
586050
503866
872654
948198
279844
972446
394939
611556
255411
893068
340668
066053
897345
315949
889563
975268
201296
880877
697390
577734
433084
663753
797979
016100
192332
457393
606255
486478
079512
950669
574845
693925
142864
357668
885688
630557
711538
777824
232704
020443
338583
510539
365637
923722
994940
575931
904059
090959
952168
023411
174541
568060
135888
141352
023072
569577
589547
070442
925605
529450
273730
338348
752270
429713
697746
732689
666779
131620
108143
725057
193112
745585
210534
828654
048527
660488
082423
886688
951387
450939
826981
301479
623382
063359
758274
923892
966752
095615
239809
791202
742607
342599
090995
049191
934342
884744
562940
563459
837950
368227
292380
174266
368416
701408
930892
482741
335998
600858
434033
635480
040166
476814
110458
590064
434263
736974
524522
662493
939534
190078
819099
812426
873842
653212
478757
174705
824063
100020
543146
149819
464247
980370
379589
947824
211132
841737
355282
842846
429129
329860
735691
315567
124749
044865
627855
427193
790777
706130
170429
259864
759891
290513
623731
195922
314590
142553
480422
021713
865568
126439
670402
544642
700723
998170
450555
628727
440698
625987
196432
556390
266432
388890
032264
360065
965133
248656
731585
768423
229731
891784
453529
845224
812312
537937
371351
116949
698211
095786
640002
321200
420692
276126
238500
296262
353609
170945
369729
014321
233123
189827
250682
930346
050416
778700
413166
135620
087895
492704
600412
360997
075820
133145
215859
581501
808417
786698
880556
357474
449034
207955
876615
400169
828247
672817
346818
249221
336880
293877
853144
101352
489475
509246
591181
267331
473344
940701
197452
718594
428287
392319
049912
927745
518761
087134
363287
589158
299961
340498
826916
773615
178133
777108
236546
207399
645847
947502
322980
625041
118502
030168
941770
748809
725454
425320
289253
198959
635521
778951
207513
232805
561721
553965
729707
477975
561723
588652
370685
161906
240249
918972
579509
044093
847384
886157
718552
613339
953144
026108
056492
978724
274849
723225
521402
814460
137352
926861
400082
354983
959594
014039
727893
206605
501667
111833
878572
820400
242652
143425
995735
218494
431491
318074
641394
251429
409972
299764
211747
142333
650611
382490
708838
925347
090796
698239
174512
920476
833610
247807
697914
015810
223681
020704
132564
207617
381520
483029
567549
297033
952922
773392
266319
727989
221635
302753
741099
050721
482899
347641
141037
800699
349728
522881
713232
679849
596456
747465
679399
564088
311403
166053
411249
004758
780869
914846
782243
023789
795480
548482
589233
275703
847356
757555
291336
994305
400514
381768
425300
668647
557776
936619
781953
436365
067484
949813
737075
529052
514316
919905
849586
282914
931860
384682
414345
829214
315878
048263
545990
552858
663398
588546
741219
962457
730927
997276
541338
436724
816397
758843
240619
235701
867074
581388
422111
966585
293381
504744
664803
959230
036819
528816
952898
705376
519740
089098
235267
080257
556946
525347
276191
214870
490157
907018
856981
615158
746141
542910
442010
419052
823355
958892
125976
884227
957016
720569
668685
244892
711844
435378
937689
188032
494429
933415
254727
597844
054573
946967
875762
457874
481660
223107
955615
798663
256913
886909
322002
226466
693385
173293
799903
415918
241652
145610
748233
195098
349462
617109
504788
080193
322264
725500
802741
885215
054164
477957
038381
956073
317251
637812
994324
077487
267148
449027
712543
366467
316134
146987
664618
364609
687805
411350
265898
924379
528299
587633
573375
086332
982538
568637
075386
817475
052065
384791
793330
052536
601022
575415
359300
953698
278423
249096
283457
232841
764962
010122
476100
209242
957252
291655
881792
304116
865419
098953
431817
056695
541523
394638
688536
337047
050936
808896
476998
293520
226825
507047
332762
888773
097793
403143
152025
884268
070850
380299
433487
331213
999263
003880
552988
543959
429134
682829
252728
690292
545033
571270
240821
473380
971678
252482
653231
857771
930747
295043
655721
827181
185046
821579
990755
119643
684276
636693
305616
667044
027163
199897
831823
670347
612829
121302
580023
598176
154433
859762
138941
952078
727521
528354
682253
850910
251854
441081
501658
856226
950005
636118
931315
920590
435438
950887
789364
252769
834221
091168
681810
021491
284774
182446
128607
431903
850045
523705
881797
787201
868366
474595
363636
633925
440331
318681
825241
611418
732034
663785
704517
555393
531416
979876
467640
307110
908845
686325
840591
902608
515592
219204
098256
435505
654638
697072
727228
990127
365808
836381
103086
476021
324018
236456
897127
967927
185818
376870
438146
672706
164809
326961
318264
073172
979218
927125
982965
776468
280218
880052
900234
630554
800378
999041
738482
977255
004424
831036
941029
515181
433760
582539
398267
508377
359393
973826
482482
498342
025073
046639
729771
865428
230035
750105
373187
968496
075336
757097
247570
212429
548782
881565
806366
520545
782960
415988
417215
710020
748350
350113
034524
585993
118238
309567
065002
278118
868081
600653
282822
926097
268519
662098
359769
556865
581096
141832
322286
467418
277477
580136
129973
743529
586138
080946
652443
456771
951342
275229
225863
311065
043809
105450
835363
384858
950289
859865
503315
491174
006599
084243
384204
376835
273431
182419
428014
383217
662950
409242
555818
358605
365514
219639
827746
492000
839073
705039
953685
408027
981539
117692
742680
883947
850688
605130
901111
171574
757054
036785
426946
759096
571478
618848
340599
252659
115716
421851
465309
541263
114052
022477
890282
508950
320737
315573
878360
306293
508458
496251
141967
246895
446638
907890
943953
013984
902998
764960
674778
508228
782747
691731
667236
417783
196086
757339
456051
920390
900790
648806
190812
901025
480848
676399
402113
690854
709254
145836
829410
922218
326725
068697
060670
701381
193708
793836
946860
255431
791065
087610
843975
737311
299828
328625
774600
898895
929780
873228
623837
749712
862052
797651
974089
963142
727031
979314
117879
352838
518727
820028
227311
049755
038408
994947
564807
042910
624593
631226
697968
439086
819944
266878
225588
842708
830015
144248
869155
307955
621011
096984
718787
056461
191627
248449
210525
430911
066723
210142
559448
970197
789275
453266
260015
741896
594309
180384
035227
481372
656908
183610
064387
143174
617715
132663
752522
151637
675525
113472
000259
179056
261670
109331
550963
652206
677181
801546
173026
546525
945724
511537
068290
843221
595872
635258
916937
119185
509911
477018
285422
737382
422294
734562
166007
669164
712907
198652
901152
714504
271807
541914
467685
831897
743634
146383
647894
905249
420454
292456
003096
638343
974820
248109
254116
911948
202713
208264
354288
060429
675173
595814
271777
583545
353576
297769
184469
801314
305855
430133
407851
172553
420862
226652
792455
579523
757788
264460
471515
664764
565821
675632
616350
245199
862004
816896
090048
233273
394474
001657
208169
841935
733100
975109
011511
237624
245554
201212
638178
041313
498874
185080
278118
541402
739892
271905
268372
921554
702376
009771
349952
294724
017302
015637
522584
678229
641621
561505
444050
554289
010718
894132
368755
382319
329309
038666
179679
603559
622335
353517
525077
252033
261929
694319
289406
255811
663808
593058
743130
100507
829046
788394
368576
518826
947291
952634
750851
686691
337934
615972
110716
531879
480652
328031
020046
420911
797457
302487
167367
913782
628533
996892
624868
971026
578302
323477
523340
260530
923188
111228
762257
604749
826424
476786
872806
348299
489486
173990
926677
633178
742527
406094
121798
238583
178319
329716
042138
004126
927615
072527
584719
769528
491014
773911
121026
513715
519617
204556
588114
546337
415227
408035
234925
305451
125711
917892
312870
722006
714567
741951
064822
789725
552215
890493
491058
506429
326769
539964
271641
927848
653187
553372
926878
312336
409215
091152
614559
695419
624123
764987
093771
843216
444968
872856
932209
844301
155877
661116
133057
068982
566489
560002
880917
712030
610077
116900
447239
120074
139548
057308
554106
486625
540477
941401
904210
883026
519582
251822
280094
224944
378071
418293
989734
371096
663374
732191
537232
662094
031563
664551
676827
909517
237742
437963
468243
502377
373280
611234
108580
882112
840117
385280
030795
170520
447216
456099
104598
841676
911573
282157
241899
383153
737763
345160
687454
256045
969151
896040
903677
070766
084961
762113
743627
363117
785100
094995
906015
390885
836040
724404
459250
975778
238329
957396
614025
185654
252059
062037
883640
874523
170803
525336
872827
436073
028094
269980
186991
637351
053069
999756
175259
807630
018236
822563
361505
395860
058573
057281
577853
207906
521821
348385
157956
638900
715815
127305
384160
994140
996689
445613
902784
227793
496109
110875
999087
062682
301590
422584
983126
470349
773537
910205
536240
601762
059607
931160
117624
404908
828916
291042
194548
161271
346305
713434
169500
088834
858617
840877
008473
211666
529240
388772
588046
735543
913407
267899
345155
772269
430196
824155
526481
255983
571823
886413
703987
813097
870135
455165
701111
655450
789821
859397
587282
723186
485401
655309
026201
738598
806556
672912
518490
648313
329114
914104
312470
142351
448771
341823
799723
563825
144441
401825
542323
204971
409668
468509
570169
683189
817010
966539
802585
096718
953473
672888
263561
697325
294925
837212
994485
244844
790635
784810
160416
085537
618350
929090
475209
949438
701626
862386
675593
777147
417017
753874
388875
738553
813239
357153
112589
498097
464919
727137
374303
251262
228615
074312
482702
738421
368033
658616
905493
244326
254988
659982
540637
176657
753639
508411
163882
815218
390923
772179
641185
908982
070946
861059
813538
020922
009958
462803
843922
147278
410869
565813
158974
622766
293789
859597
187262
147293
573389
140787
048553
511591
253840
388905
852195
440834
576189
868284
853591
628415
829501
885741
793230
537825
382967
498752
477146
240413
297987
448214
260339
676539
991161
162388
301786
805966
293800
202461
533017
332303
718975
349852
440784
173313
021604
694710
118547
922721
388948
336157
953616
119060
789329
032331
521385
408550
011969
624605
141107
909992
353178
516465
863684
579610
399675
138676
140360
686339
131906
675528
474242
002748
578384
516274
894584
444742
880968
347550
966171
783090
916101
418773
852732
632875
574345
369687
088661
174210
314996
527515
607874
222418
755756
125722
334578
391755
715129
004932
191850
437795
994219
311826
203990
479578
306826
964337
615185
088056
563489
008331
162407
995433
616324
720144
796352
495747
102535
057286
312151
226239
138960
531751
071164
583805
586622
868928
597170
915770
371376
164827
486613
102569
477704
633807
851589
710219
884009
280768
205185
060428
511234
154370
471526
612354
169356
264234
451686
923985
634489
770075
110033
033112
141486
926522
384621
701773
473573
374796
335759
802772
176614
450350
284866
972937
472033
477173
219284
486349
433335
247631
513137
780858
286774
614084
661931
963016
433711
346284
192361
002664
607852
098570
876893
145400
276726
565609
235772
555904
740625
765367
610535
649595
848357
008022
664957
995517
350896
762446
413431
192149
685171
822180
076025
034814
219777
803532
715437
526086
836540
162722
761618
998475
325099
340365
079764
275696
169822
196428
594488
201565
770890
873565
035526
104547
204679
794427
928096
301059
833125
280602
718144
062909
885727
863600
107559
602820
601000
731056
707092
971604
468217
686154
131517
143822
001441
385002
755003
199134
851988
604453
647711
168456
975915
420035
769680
159601
135945
672947
629540
800630
653695
797057
050481
162932
471017
320330
270790
479347
683228
611970
039011
660282
355354
872652
672972
820677
506477
958848
556146
114019
581545
302763
774143
490599
079386
866128
895569
517459
208791
856711
546405
522799
010476
260293
562570
849540
348163
669949
237389
562455
624264
101716
909039
441819
971420
224086
540523
460199
147005
572525
701185
013565
615183
660760
664629
238869
073443
962177
968901
814412
253536
108838
886333
311696
870267
138587
175746
993974
568769
749346
820838
252356
063736
215734
361213
679660
213769
187599
866729
866423
585475
265339
566115
332892
211109
216642
184244
891076
613052
951692
336981
989047
743188
799783
673426
633436
862408
291259
159146
273359
202962
300763
311714
424610
421397
701906
588443
492775
346184
763414
828789
621566
469034
089926
835737
234574
921262
698398
086598
194120
675918
386579
978284
607547
748547
570395
075093
114543
528311
618229
156346
750558
589440
823363
591656
461578
496562
255437
662310
714475
346984
221721
181338
573266
513009
184797
571810
606056
951115
713506
424061
071082
462045
501390
320032
218042
809125
537436
121288
295208
865016
471588
341313
485733
186285
911797
196862
725420
689844
987413
558976
239803
044496
249744
953674
714855
315045
210064
809607
304202
506346
990320
622627
820711
299921
334610
557696
033320
381488
389327
153699
338418
505058
987919
729130
011083
635297
729441
677892
805037
765946
207024
388083
211427
042375
156695
571473
073720
157283
666778
896306
868022
489286
045172
130546
803266
754909
364299
802423
010241
240658
790236
114857
876580
731402
967025
679233
723592
057817
395435
205861
847385
035960
575187
514831
586155
089308
328421
250039
542590
750154
376126
819034
582828
208994
488899
911716
513876
356648
393422
316786
942240
742135
502424
612860
507224
260342
733801
960805
716561
155370
465752
004249
694409
847476
034904
297936
834598
677309
817829
104754
077979
110138
640891
994326
713163
385512
294340
751769
253184
647023
306145
665399
591088
562670
757602
993367
435807
741298
995607
886947
412525
886348
786353
129107
067588
846284
039196
249878
865766
955950
935886
370464
039092
037265
151258
642296
400772
181486
276870
850091
411024
283876
773870
676213
362618
356388
718759
610945
111971
239743
967560
099280
035218
655012
393434
296304
431135
238904
227565
873506
826573
644779
248929
162464
797017
177199
628272
769819
888395
823860
487505
108509
295558
846746
464815
429865
665111
236065
758352
401071
849845
876360
604302
617323
819874
034864
890855
734505
775050
927133
976742
258581
583742
798900
832625
504654
214755
055002
622409
529776
497882
670730
180128
378664
917290
051448
807008
189036
761413
033562
312564
150300
210238
128759
657476
159940
069100
471867
055396
941641
039338
672753
023585
928699
091784
845775
599840
081574
370495
384287
377489
242191
682618
478061
580830
480503
540330
200546
470959
198675
627907
312170
980963
473698
206014
186268
029309
034565
238368
357698
099111
587843
234762
635460
493946
313042
316038
022622
604679
393419
103259
856030
946663
677277
435265
094503
604351
681250
132776
783733
935683
510560
785512
394347
816481
415043
062056
006184
052730
703855
272130
946547
861133
664133
027837
423079
392476
112796
979902
481622
739404
828954
371981
258577
912090
666672
936042
201932
767004
053555
339464
657443
618375
715929
903902
742353
715496
644991
621864
273180
605846
168824
838692
703320
416893
142803
576554
501679
693143
419781
951764
747225
974273
122233
460322
104156
167674
092969
547822
444194
429626
109891
648897
839058
480334
187858
706074
262652
385212
922264
525256
316046
439790
192395
379955
261179
506391
096584
515510
736211
946516
877582
413920
658500
675042
887770
183642
553014
932575
184902
027117
616592
209700
159996
379580
390021
907143
241796
493571
359752
685176
632808
530783
605998
018817
108490
824376
075161
109092
847559
660987
874602
420814
488516
177193
952490
766037
713628
806148
109613
672340
470554
122451
409569
364925
512003
857562
233049
897702
092596
040184
477460
254411
159269
238636
689794
217811
669583
109855
984829
798541
744151
528800
432056
826904
862368
244363
820951
499218
856000
085955
426327
073601
382152
822703
156507
799907
242967
703475
253181
461264
820333
838750
063168
997326
740136
967991
074688
198088
515855
716180
850313
292834
807498
772430
743359
182896
643795
593631
885124
587555
159240
924457
251878
767844
788160
529386
281615
110304
743865
885746
030017
274672
992634
754881
032222
307724
385517
277449
795750
518234
720513
521896
929295
389740
198397
351597
146961
785422
584387
449049
513541
431513
730430
739822
913164
797826
636597
469214
833620
752214
367815
264637
845607
816372
187082
615620
885650
283075
022924
289027
